"V1" "V2" "V3" "V4" "V5" "V6" "V7" "V8"
"1" 0 0 0 0 0 0 0 0
"2" 0 0 0 0 0 0 0 0
"3" 0 0 0 0 0 0 0 0
"4" 0 0 0 0 0 0 0 0
"5" 0 0 0 0 0 0 0 0
"6" 0 0 0 0 0 0 0 0
"7" 0 0 0 0 0 0 0 0
"8" 0 0 0 0 0 0 0 0
"9" 0 0 0 0 0 0 0 0
"10" 0 0 0 0 0 0 0 0
"11" 0 0 0 0 0 0 0 0
"12" 0 0 0 0 0 0 0 0
"13" 0 0 0 0 0 0 0 0
"14" 0 0 0 0 0 0 0 0
"15" 0 0 0 0 0 0 0 0
"16" 0 0 0 0 0 0 0 0
"17" 0 0 0 0 0 0 0 0
"18" 0 0 0 0 0 0 0 0
"19" 0 0 0 0 0 0 0 0
"20" 0 0 0 0 0 0 0 0
"21" 0 0 0 0 0 0 0 0
"22" 0 0 0 0 0 0 0 0
"23" 0 0 0 0 0 0.333333333333333 0.333333333333333 0
"24" 0 0.666666666666667 0.666666666666667 0 0 1 1 0
"25" 0 3.33333333333333 3.33333333333333 0 0 5 5 0
"26" 0.333333333333333 5 5 0 0.333333333333333 7 7 0
"27" 1 6 6 0 1 9.33333333333333 9.33333333333333 0
"28" 3.33333333333333 7 7 0 3.33333333333333 10.3333333333333 10.3333333333333 0
"29" 5.66666666666667 8 8 0 6 13.3333333333333 13.3333333333333 0
"30" 11 9.33333333333333 9.33333333333333 0 11.6666666666667 15.6666666666667 15.6666666666667 0
"31" 13.6666666666667 10 10 0 14.3333333333333 17 17 0
"32" 14.6666666666667 12 12 0 15.3333333333333 20 20 0
"33" 15.3333333333333 13.3333333333333 13.3333333333333 0 16.6666666666667 22.3333333333333 22.3333333333333 0
"34" 16 14.6666666666667 14.6666666666667 6 17.3333333333333 24.6666666666667 24.6666666666667 6
"35" 16.3333333333333 14.6666666666667 14.6666666666667 16 19 25 25 16
"36" 16.6666666666667 15.6666666666667 15.6666666666667 22.3333333333333 19.6666666666667 27 27 22.3333333333333
"37" 17 17 17 25 21.6666666666667 31 31 25
"38" 18.3333333333333 17.6666666666667 17.6666666666667 29 24.3333333333333 33 33 29
"39" 18.3333333333333 19 19 30.6666666666667 26.6666666666667 37.6666666666667 37.6666666666667 30.6666666666667
"40" 18.6666666666667 20 20 31.3333333333333 30.6666666666667 41.6666666666667 41.6666666666667 31.6666666666667
"41" 18.6666666666667 20 20 32.6666666666667 36.3333333333333 44 44 33
"42" 18.6666666666667 20 20 35.6666666666667 44.3333333333333 52 52 36
"43" 18.6666666666667 20 20 36.6666666666667 53.3333333333333 58.3333333333333 58.3333333333333 37
"44" 18.6666666666667 20 20 37.3333333333333 65 69.3333333333333 69.3333333333333 38.3333333333333
"45" 18.6666666666667 20 20 37.6666666666667 76.6666666666667 79.3333333333333 79.3333333333333 39.3333333333333
"46" 18.6666666666667 20 20 38.6666666666667 92.3333333333333 91.3333333333333 91.3333333333333 40.3333333333333
"47" 18.6666666666667 20 20 38.6666666666667 111.666666666667 103.666666666667 103.666666666667 41
"48" 18.6666666666667 20 20 38.6666666666667 128 119 119 41.3333333333333
"49" 19 20.6666666666667 20.6666666666667 38.6666666666667 149.666666666667 135.333333333333 135.333333333333 42.6666666666667
"50" 19 20.6666666666667 20.6666666666667 39 164.333333333333 152.333333333333 152.333333333333 44
"51" 19 22.3333333333333 22.3333333333333 39 183 172 172 47
"52" 19 23.3333333333333 23.3333333333333 39 203.666666666667 191.666666666667 191.666666666667 50.3333333333333
"53" 19 24 24 39 227 217.666666666667 217.666666666667 52
"54" 19 26.3333333333333 26.3333333333333 39 246.666666666667 240.333333333333 240.333333333333 58
"55" 19 29.3333333333333 29.3333333333333 39 270.333333333333 273.666666666667 273.666666666667 66.3333333333333
"56" 19 31.3333333333333 31.3333333333333 39 291 308.333333333333 308.333333333333 73.6666666666667
"57" 19.3333333333333 33.6666666666667 33.6666666666667 39 316.333333333333 354.666666666667 354.666666666667 85.6666666666667
"58" 19.6666666666667 36 36 39 336.333333333333 401 401 100.333333333333
"59" 20.3333333333333 37 37 39 360.333333333333 451 451 116
"60" 21.3333333333333 38.3333333333333 38.3333333333333 39 382 507 507 131.333333333333
"61" 22.6666666666667 38.3333333333333 38.3333333333333 39 404 562.666666666667 562.666666666667 147.666666666667
"62" 23 38.3333333333333 38.3333333333333 39 433.666666666667 614.333333333333 614.333333333333 164.666666666667
"63" 25.3333333333333 38.6666666666667 38.6666666666667 39 457 672 672 191.333333333333
"64" 26.3333333333333 38.6666666666667 38.6666666666667 39 478.666666666667 725.333333333333 725.333333333333 213
"65" 28 38.6666666666667 38.6666666666667 39 505.666666666667 775 775 232.666666666667
"66" 29.6666666666667 38.6666666666667 38.6666666666667 39 530.333333333333 836.666666666667 836.666666666667 256.333333333333
"67" 30.3333333333333 38.6666666666667 38.6666666666667 39 554.333333333333 883.666666666667 883.666666666667 284.333333333333
"68" 31 38.6666666666667 38.6666666666667 39 575.666666666667 936.333333333333 936.333333333333 307.333333333333
"69" 31.6666666666667 39 39 39 592 989.666666666667 989.666666666667 327.333333333333
"70" 32 39 39 39 610.333333333333 1033.66666666667 1033.66666666667 352
"71" 32.6666666666667 39 39 39 630.333333333333 1079.66666666667 1079.66666666667 373.333333333333
"72" 34.3333333333333 39 39 39 647.333333333333 1119.33333333333 1119.33333333333 396
"73" 35 39 39 39 662 1154 1154 417.333333333333
"74" 35.3333333333333 38.6666666666667 38.6666666666667 39 673.333333333333 1180 1180 437.666666666667
"75" 35.3333333333333 38.6666666666667 38.6666666666667 39 685.333333333333 1208 1208 452.333333333333
"76" 35.3333333333333 38.6666666666667 38.6666666666667 39 692.666666666667 1235.66666666667 1235.66666666667 469
"77" 34.6666666666667 38.6666666666667 38.6666666666667 39 697.666666666667 1258.66666666667 1258.66666666667 482
"78" 34.6666666666667 38.6666666666667 38.6666666666667 39 704 1282.66666666667 1282.66666666667 494.666666666667
"79" 35 38.6666666666667 38.6666666666667 39 711.333333333333 1303.33333333333 1303.33333333333 509.333333333333
"80" 35 38.6666666666667 38.6666666666667 39 714.666666666667 1316.33333333333 1316.33333333333 518
"81" 35 38.6666666666667 38.6666666666667 39 720.666666666667 1328 1328 532
"82" 35 38.6666666666667 38.6666666666667 39 723.666666666667 1341 1341 537.333333333333
"83" 34.6666666666667 38.6666666666667 38.6666666666667 39 725.333333333333 1354 1354 545.666666666667
"84" 34.6666666666667 38.6666666666667 38.6666666666667 39 728.333333333333 1363.33333333333 1363.33333333333 551
"85" 34.6666666666667 38.6666666666667 38.6666666666667 39 730 1374.33333333333 1374.33333333333 559.333333333333
"86" 34.3333333333333 38.6666666666667 38.6666666666667 39 732.333333333333 1380.33333333333 1380.33333333333 566.666666666667
"87" 34.3333333333333 38.6666666666667 38.6666666666667 39 733.333333333333 1390.33333333333 1390.33333333333 570.666666666667
"88" 34.3333333333333 38.6666666666667 38.6666666666667 39 734.666666666667 1398.33333333333 1398.33333333333 574.666666666667
"89" 34.3333333333333 38.6666666666667 38.6666666666667 39 736.333333333333 1402.66666666667 1402.66666666667 579.666666666667
"90" 34.3333333333333 38.6666666666667 38.6666666666667 39 737.666666666667 1405 1405 584.333333333333
"91" 34.3333333333333 38.6666666666667 38.6666666666667 39 739.666666666667 1410 1410 587.666666666667
"92" 34.3333333333333 38.6666666666667 38.6666666666667 39 743 1412.66666666667 1412.66666666667 590.333333333333
"93" 34.3333333333333 38.6666666666667 38.6666666666667 39 744 1415 1415 593.666666666667
"94" 34 38.6666666666667 38.6666666666667 39 741.333333333333 1414 1414 594
"95" 34 38.6666666666667 38.6666666666667 39 741.333333333333 1416 1416 596
"96" 34.3333333333333 38.6666666666667 38.6666666666667 39 742 1420.33333333333 1420.33333333333 598.333333333333
"97" 34.3333333333333 38.6666666666667 38.6666666666667 39 739.333333333333 1419.66666666667 1419.66666666667 600.333333333333
"98" 34.3333333333333 38.6666666666667 38.6666666666667 39 738 1421.33333333333 1421.33333333333 601.333333333333
"99" 34.3333333333333 38.6666666666667 38.6666666666667 39 738 1424.33333333333 1424.33333333333 605.333333333333
"100" 34.6666666666667 38.6666666666667 38.6666666666667 39 739.333333333333 1426.33333333333 1426.33333333333 607
