"V1" "V2" "V3" "V4" "V5" "V6" "V7" "V8"
"1" 0 0 0 0 0 0 0 0
"2" 0 0 0 0 0 0 0 0
"3" 0 0 0 0 0 0 0 0
"4" 0 0 0 0 0 0 0 0
"5" 0 0 0 0 0 0 0 0
"6" 0 0 0 0 0 0 0 0
"7" 0 0 0 0 0 0 0 0
"8" 0 0 0 0 0 0 0 0
"9" 0 0 0 0 0 0 0 0
"10" 0 0 0 0 0 0 0 0
"11" 0 0 0 0 0 0 0 0
"12" 0 0 0 0 0 0 0 0
"13" 0 0 0 0 0 0 0 0
"14" 0 0 0 0 0 0 0 0
"15" 0 0 0 0 0 0 0 0
"16" 0 0 0 0 0 0 0 0
"17" 0 0 0 0 0 0 0 0
"18" 0 0 0 0 0 0 0 0
"19" 0 0 0 0 0 0 0 0
"20" 0 0 0 0 0 0 0 0
"21" 0 0 0 0 0 0 0 0
"22" 0 0 0 0 0 0 0 0
"23" 0 0 0 0 0 0 0 0
"24" 1.66666666666667 0 0 0 1.66666666666667 0 0 0
"25" 2 0 0 0 2 0 0 0
"26" 2 0 0 0 2 0 0 0
"27" 2 0 0 0 2 0 0 0
"28" 2 0 0 0 2 0 0 0
"29" 4.66666666666667 0 0 0 4.66666666666667 0 0 0
"30" 5 0 0 0 5 0 0 0
"31" 7.66666666666667 0 0 0 7.66666666666667 0 0 0
"32" 9 0 0 0 9 0 0 0
"33" 10.3333333333333 0 0 0 10.3333333333333 0 0 0
"34" 12.3333333333333 0 0 0 12.3333333333333 0 0 0
"35" 13.6666666666667 0 0 0.666666666666667 13.6666666666667 0 0 0.666666666666667
"36" 15 0 1 1 15 0 1 1
"37" 16 0 2.66666666666667 1 16 0 3 1.33333333333333
"38" 16.6666666666667 0.333333333333333 3.33333333333333 3 16.6666666666667 0.333333333333333 4 3.66666666666667
"39" 17.3333333333333 0.333333333333333 5.33333333333333 3.66666666666667 17.3333333333333 0.666666666666667 6.33333333333333 4.66666666666667
"40" 17.6666666666667 1 9 5.66666666666667 17.6666666666667 1.33333333333333 11 6.66666666666667
"41" 18.3333333333333 2.33333333333333 11 6 18.3333333333333 2.66666666666667 13 7
"42" 19 5.33333333333333 13 6 19 5.66666666666667 15.6666666666667 7
"43" 19 6.33333333333333 14 7 19 6.66666666666667 17.3333333333333 8
"44" 19 8.33333333333333 15 7.66666666666667 19.3333333333333 8.66666666666667 20 9
"45" 19 10.6666666666667 16.3333333333333 8.33333333333333 19.3333333333333 11.6666666666667 22.3333333333333 9.66666666666667
"46" 19 13.3333333333333 17.3333333333333 8.33333333333333 19.6666666666667 14.6666666666667 23.6666666666667 9.66666666666667
"47" 19 15 17.3333333333333 9 20 17 24.6666666666667 10.6666666666667
"48" 19 15.6666666666667 18.6666666666667 9 20.3333333333333 17.6666666666667 26.3333333333333 10.6666666666667
"49" 19 17 18.6666666666667 9 20.6666666666667 19.6666666666667 26.6666666666667 11.6666666666667
"50" 19 17.6666666666667 19 9 21 21 27.6666666666667 12.3333333333333
"51" 19 18 19.3333333333333 9 21.3333333333333 22.6666666666667 28.3333333333333 12.3333333333333
"52" 19 18.3333333333333 19.3333333333333 10 22.3333333333333 24.3333333333333 29.3333333333333 14
"53" 19 18.3333333333333 19.3333333333333 10.3333333333333 23.6666666666667 26.3333333333333 30 15.6666666666667
"54" 19 18.6666666666667 19.3333333333333 11 24.3333333333333 28 30.3333333333333 16.6666666666667
"55" 19 19 19.3333333333333 11.3333333333333 25 30.6666666666667 31.6666666666667 18.6666666666667
"56" 19 19.3333333333333 19.3333333333333 11.6666666666667 27 31.6666666666667 31.6666666666667 20
"57" 19 19.3333333333333 19.3333333333333 12.3333333333333 28.6666666666667 33.3333333333333 33 22
"58" 19 19.3333333333333 19.3333333333333 12.6666666666667 31.6666666666667 36 33.6666666666667 23.6666666666667
"59" 19 19.3333333333333 19.3333333333333 12.6666666666667 33.3333333333333 38.6666666666667 34.3333333333333 25.6666666666667
"60" 19 19.3333333333333 19.3333333333333 14 34.3333333333333 42 36.3333333333333 29.6666666666667
"61" 19 19.3333333333333 19.3333333333333 14 36.3333333333333 44.3333333333333 37.6666666666667 30.3333333333333
"62" 19 19.3333333333333 19.3333333333333 14.3333333333333 37.3333333333333 48.6666666666667 37.3333333333333 34
"63" 19 19.3333333333333 19.3333333333333 14.6666666666667 39.3333333333333 52.6666666666667 39.6666666666667 37.3333333333333
"64" 19 19.3333333333333 19.3333333333333 15 41 57.3333333333333 41.3333333333333 40.6666666666667
"65" 19 19.3333333333333 19.3333333333333 15.6666666666667 43 63.3333333333333 42.6666666666667 45
"66" 19 19.3333333333333 19.3333333333333 15.6666666666667 44.3333333333333 71.6666666666667 47.6666666666667 52
"67" 19 19.3333333333333 19.3333333333333 15.6666666666667 44 78.3333333333333 50.3333333333333 56.3333333333333
"68" 19 19.3333333333333 19.3333333333333 15.6666666666667 45.3333333333333 83 53.3333333333333 60.6666666666667
"69" 19 19.3333333333333 19.3333333333333 16.3333333333333 47.6666666666667 93.3333333333333 55.6666666666667 66.3333333333333
"70" 19 19.3333333333333 19.3333333333333 16.3333333333333 49 101.666666666667 59.6666666666667 73
"71" 19 19.3333333333333 19.3333333333333 16.3333333333333 51.3333333333333 112.333333333333 68 82
"72" 19 19.3333333333333 19.3333333333333 16.6666666666667 55.6666666666667 120 73.6666666666667 89
"73" 19 19.3333333333333 19.3333333333333 17 58 132.666666666667 78.3333333333333 94.3333333333333
"74" 19 19.3333333333333 19.3333333333333 17 62 146 82.3333333333333 99
"75" 19 19.3333333333333 19.3333333333333 17 67.3333333333333 156.666666666667 90 105.666666666667
"76" 19 19.3333333333333 19.3333333333333 17 73.3333333333333 166.333333333333 94.3333333333333 109.666666666667
"77" 19 19.3333333333333 19.3333333333333 17 80.6666666666667 183 104 114.666666666667
"78" 19 19.3333333333333 19.3333333333333 17 86 195.666666666667 114.666666666667 120
"79" 19 19.3333333333333 19.3333333333333 17.3333333333333 90.6666666666667 209.333333333333 124 124.333333333333
"80" 19 19.3333333333333 19.3333333333333 17.3333333333333 95 220.333333333333 131 128
"81" 19 19.3333333333333 19.3333333333333 17.3333333333333 103.333333333333 232 140.666666666667 132
"82" 19 19.3333333333333 19.3333333333333 17.3333333333333 112.333333333333 245.333333333333 148.666666666667 136.333333333333
"83" 19 19.3333333333333 19.3333333333333 17.6666666666667 115 257 158.666666666667 141.666666666667
"84" 19 19.6666666666667 19.3333333333333 17.6666666666667 121.333333333333 269.333333333333 169 144.666666666667
"85" 19 20 19.3333333333333 17.6666666666667 129 278 179 147
"86" 19 20 19.3333333333333 18 135.333333333333 289.333333333333 192.333333333333 150.333333333333
"87" 19 20 19.3333333333333 18 141.666666666667 298 200 153
"88" 19 20 19.3333333333333 18 146.666666666667 301.333333333333 210 156.333333333333
"89" 19 20 19.3333333333333 18 150.666666666667 309.666666666667 217 158
"90" 19 20 19.3333333333333 18 153.333333333333 317.666666666667 223 161.333333333333
"91" 19 20 19.3333333333333 18 158 323.666666666667 233.666666666667 162.333333333333
"92" 19 20 19.3333333333333 18 161.333333333333 331 240.333333333333 164.333333333333
"93" 19 20 19.3333333333333 18 162.666666666667 338.333333333333 249 167.333333333333
"94" 19 20 19.3333333333333 18 166 345.333333333333 258.666666666667 169
"95" 19 20 19.3333333333333 18 167 352.333333333333 264.333333333333 170.333333333333
"96" 19 20 19.3333333333333 18 168.666666666667 358.333333333333 270 171.333333333333
"97" 19 20 19.3333333333333 18 170.666666666667 363.333333333333 274.666666666667 171.666666666667
"98" 19 20 19.3333333333333 18 172.666666666667 366.333333333333 278 171.333333333333
"99" 19 20 19.3333333333333 18 173 370.666666666667 281.666666666667 172.666666666667
"100" 19 20 19.3333333333333 18 173.333333333333 373.666666666667 286 173.666666666667
