"V1" "V2" "V3" "V4" "V5" "V6" "V7" "V8"
"1" 0 0 0 0 0 0 0 0
"2" 0 0 0 0 0 0 0 0
"3" 0 0 0 0 0 0 0 0
"4" 0 0 0 0 0 0 0 0
"5" 0 0 0 0 0 0 0 0
"6" 0 0 0 0 0 0 0 0
"7" 0 0 0 0 0 0 0 0
"8" 0 0 0 0 0 0 0 0
"9" 0 0 0 0 0 0 0 0
"10" 0 0 0 0 0 0 0 0
"11" 0 0 0 0 0 0 0 0
"12" 0 0 0 0 0 0 0 0
"13" 0 0 0 0 0 0 0 0
"14" 0 0 0 0 0 0 0 0
"15" 0 0 0 0 0 0 0 0
"16" 0 0 0 0 0 0 0 0
"17" 0 0 0 0 0 0 0 0
"18" 0 0 0 0 0 0 0 0
"19" 0 0 0 0 0 0 0 0
"20" 0 0 0 0 0 0 0 0
"21" 0 0 0 0 0 0 0 0
"22" 0 0 0 0 0 0 0 0
"23" 0 0 0 0 0 0 0 0
"24" 0.666666666666667 0 0 0 0.666666666666667 0 0 0
"25" 2 0 0 0 2 0 0 0
"26" 2 0 0 0 2 0 0 0
"27" 3 0 0 0 3 0 0 0
"28" 3 0 0 0 3 0 0 0
"29" 3 0 0 0 3 0 0 0
"30" 4 0 0 0 4 0 0 0
"31" 5 0 0 0 5 0 0 0
"32" 5 0 0 0 5 0 0 0
"33" 6 0 0 0 6 0 0 0
"34" 6 0 0 0 6 0.333333333333333 0.333333333333333 0
"35" 6 0 0 0 6 0.333333333333333 0.333333333333333 0
"36" 6 0 0 0 6 0.333333333333333 0.333333333333333 0
"37" 6.33333333333333 0.666666666666667 0.666666666666667 0 6.33333333333333 1 1 0
"38" 7.66666666666667 1 1 0 7.66666666666667 1.33333333333333 1.33333333333333 0
"39" 9.33333333333333 1.66666666666667 1.66666666666667 0 9.33333333333333 2 2 0
"40" 11.6666666666667 2 2 0 12 2.33333333333333 2.33333333333333 0
"41" 12.3333333333333 2 2 0 12.6666666666667 2.33333333333333 2.33333333333333 0
"42" 12.6666666666667 3 3 0 13 3.33333333333333 3.33333333333333 0
"43" 13.3333333333333 3.66666666666667 3.66666666666667 0 13.6666666666667 4.33333333333333 4.33333333333333 0
"44" 15 5.33333333333333 5.33333333333333 2.33333333333333 15.3333333333333 6.33333333333333 6.33333333333333 3.33333333333333
"45" 16.3333333333333 6.66666666666667 6.66666666666667 3 17.6666666666667 9 9 4.33333333333333
"46" 17 7.66666666666667 7.66666666666667 3.33333333333333 19 11.3333333333333 11.3333333333333 4.66666666666667
"47" 17.3333333333333 10 10 3.33333333333333 19.3333333333333 14.3333333333333 14.3333333333333 5.66666666666667
"48" 17.6666666666667 12.3333333333333 12.3333333333333 3.66666666666667 19.6666666666667 17 17 6
"49" 18 15 15 4 20.3333333333333 19.6666666666667 19.6666666666667 6.66666666666667
"50" 18.6666666666667 16 16 4.66666666666667 21 21.3333333333333 21.3333333333333 7.33333333333333
"51" 19 17 17 5 22 22.3333333333333 22.3333333333333 8
"52" 19 17 17 6 22 22.6666666666667 22.6666666666667 9.33333333333333
"53" 19 19.3333333333333 19.3333333333333 7 22.6666666666667 25.3333333333333 25.3333333333333 10.3333333333333
"54" 19 19.3333333333333 19.3333333333333 8 23.3333333333333 26 26 11.3333333333333
"55" 19 19.6666666666667 19.6666666666667 9.33333333333333 24 27 27 13
"56" 19 19.6666666666667 19.6666666666667 10 24.3333333333333 27.3333333333333 27.3333333333333 13.6666666666667
"57" 19 19.6666666666667 19.6666666666667 11 24.6666666666667 27.6666666666667 27.6666666666667 15
"58" 19 19.6666666666667 19.6666666666667 11.3333333333333 25.3333333333333 29.3333333333333 29.3333333333333 16
"59" 19 19.6666666666667 19.6666666666667 11.6666666666667 28 31.3333333333333 31.3333333333333 16.6666666666667
"60" 19 19.6666666666667 19.6666666666667 13 29.3333333333333 33 33 18
"61" 19 19.6666666666667 19.6666666666667 13 31.6666666666667 36 36 19.6666666666667
"62" 19 19.6666666666667 19.6666666666667 14 33.3333333333333 39.6666666666667 39.6666666666667 21
"63" 19 19.6666666666667 19.6666666666667 14 37 46.6666666666667 46.6666666666667 23
"64" 19 19.6666666666667 19.6666666666667 14.6666666666667 40.3333333333333 53.6666666666667 53.6666666666667 25.6666666666667
"65" 19 19.6666666666667 19.6666666666667 15 44 65 65 28.6666666666667
"66" 19 19.6666666666667 19.6666666666667 16.3333333333333 48.6666666666667 73.3333333333333 73.3333333333333 32.3333333333333
"67" 19 19.6666666666667 19.6666666666667 16.3333333333333 53.3333333333333 84 84 34
"68" 19 19.6666666666667 19.6666666666667 16.3333333333333 57 93.3333333333333 93.3333333333333 37.3333333333333
"69" 19 19.6666666666667 19.6666666666667 16.6666666666667 60 106 106 43.3333333333333
"70" 19 19.6666666666667 19.6666666666667 16.6666666666667 63.3333333333333 114 114 47.3333333333333
"71" 19 19.6666666666667 19.6666666666667 16.6666666666667 69.6666666666667 127.666666666667 127.666666666667 49.6666666666667
"72" 19 19.6666666666667 19.6666666666667 16.6666666666667 77 139 139 56
"73" 19 19.6666666666667 19.6666666666667 16.6666666666667 81 146.333333333333 146.333333333333 61.3333333333333
"74" 19 19.6666666666667 19.6666666666667 16.6666666666667 87.3333333333333 159.333333333333 159.333333333333 66
"75" 19 19.6666666666667 19.6666666666667 16.6666666666667 95.6666666666667 172 172 72.3333333333333
"76" 19 19.6666666666667 19.6666666666667 17 100 182.666666666667 182.666666666667 75.6666666666667
"77" 19 19.6666666666667 19.6666666666667 17 106.666666666667 191.666666666667 191.666666666667 80.6666666666667
"78" 19 19.6666666666667 19.6666666666667 17.3333333333333 113.666666666667 204.333333333333 204.333333333333 86
"79" 19 19.6666666666667 19.6666666666667 17.6666666666667 117.333333333333 219 219 91
"80" 19 19.6666666666667 19.6666666666667 17.6666666666667 123.333333333333 229.666666666667 229.666666666667 96.6666666666667
"81" 19 19.6666666666667 19.6666666666667 17.6666666666667 129 240 240 99.3333333333333
"82" 19 19.6666666666667 19.6666666666667 17.6666666666667 135.333333333333 253.666666666667 253.666666666667 104
"83" 19 19.6666666666667 19.6666666666667 17.6666666666667 139.333333333333 269.333333333333 269.333333333333 109
"84" 19 19.6666666666667 19.6666666666667 17.6666666666667 147.333333333333 277.333333333333 277.333333333333 114.333333333333
"85" 19 19.6666666666667 19.6666666666667 17.6666666666667 151 287.666666666667 287.666666666667 117.333333333333
"86" 19 19.6666666666667 19.6666666666667 17.6666666666667 156 298.333333333333 298.333333333333 124.333333333333
"87" 19 19.6666666666667 19.6666666666667 17.6666666666667 160 304.666666666667 304.666666666667 129.333333333333
"88" 19 19.6666666666667 19.6666666666667 17.6666666666667 162 311 311 133.666666666667
"89" 19 19.6666666666667 19.6666666666667 17.6666666666667 164 319 319 139
"90" 19 19.6666666666667 19.6666666666667 17.6666666666667 167 324.666666666667 324.666666666667 144
"91" 19 19.6666666666667 19.6666666666667 17.6666666666667 168.666666666667 332 332 147.666666666667
"92" 19 19.6666666666667 19.6666666666667 17.6666666666667 172.333333333333 339 339 150
"93" 19 19.6666666666667 19.6666666666667 17.6666666666667 174.333333333333 344.333333333333 344.333333333333 153
"94" 19 19.6666666666667 19.6666666666667 17.6666666666667 176 349.666666666667 349.666666666667 154.666666666667
"95" 19 19.6666666666667 19.6666666666667 17.6666666666667 178 355.666666666667 355.666666666667 159
"96" 19 19.6666666666667 19.6666666666667 17.6666666666667 179.666666666667 358.333333333333 358.333333333333 161.333333333333
"97" 19 19.6666666666667 19.6666666666667 17.6666666666667 181.666666666667 362.333333333333 362.333333333333 163.333333333333
"98" 19 19.6666666666667 19.6666666666667 17.6666666666667 181.333333333333 365 365 167
"99" 19 20 20 17.6666666666667 182 368.333333333333 368.333333333333 167.666666666667
"100" 19 20 20 17.6666666666667 182.333333333333 370 370 170.333333333333
