"V1" "V2" "V3" "V4" "V5" "V6" "V7" "V8"
"1" 0 0 0 0 0 0 0 0
"2" 0 0 0 0 0 0 0 0
"3" 0 0 0 0 0 0 0 0
"4" 0 0 0 0 0 0 0 0
"5" 0 0 0 0 0 0 0 0
"6" 0 0 0 0 0 0 0 0
"7" 0 0 0 0 0 0 0 0
"8" 0 0 0 0 0 0 0 0
"9" 0 0 0 0 0 0 0 0
"10" 0 0 0 0 0 0 0 0
"11" 0 0 0 0 0 0 0 0
"12" 0 0 0 0 0 0 0 0
"13" 0 0 0 0 0 0 0 0
"14" 0 0 0 0 0 0 0 0
"15" 0 0 0 0 0 0 0 0
"16" 0 0 0 0 0 0 0 0
"17" 0 0 0 0 0 0 0 0
"18" 0 0 0 0 0 0 0 0
"19" 0 0 0 0 0 0 0 0
"20" 0 0 0 0 0 0 0 0
"21" 0 0 0 0 0 0 0 0
"22" 0 0 0 0 0 0 0 0
"23" 0 0 0 0 0 0 0 0
"24" 0.666666666666667 0 0 0 0.666666666666667 0 0 0
"25" 2 0 0 0 2 0 0 0
"26" 2 0 0 0 2 0 0 0
"27" 3 0 0 0 3 0 0 0
"28" 3 0 0 0 3 0 0 0
"29" 3 0 0 0 3 0 0 0
"30" 4 0 0 0 4 0 0 0
"31" 5 0 0 0 5 0 0 0
"32" 5 0 0 0 5 0 0 0
"33" 6 0 0 0 6 0 0 0
"34" 6 0 0 0 6 0.333333333333333 0 0
"35" 6 0 0 0 6 0.333333333333333 0 0
"36" 6 0 0 0 6 0.333333333333333 0 0
"37" 6.33333333333333 0.666666666666667 0 0 6.33333333333333 1 0 0
"38" 7.66666666666667 1 0 2 7.66666666666667 1.33333333333333 0 3
"39" 9.33333333333333 1.66666666666667 0.666666666666667 2.66666666666667 9.33333333333333 2 1 4
"40" 11.6666666666667 2 1 3 12 2.33333333333333 2.33333333333333 4.33333333333333
"41" 12.3333333333333 2 1.33333333333333 3.33333333333333 12.6666666666667 2.33333333333333 3.33333333333333 5
"42" 12.6666666666667 3 3.33333333333333 3.66666666666667 13 3.33333333333333 5.33333333333333 6
"43" 13.3333333333333 3.66666666666667 5.33333333333333 3.66666666666667 13.6666666666667 4.33333333333333 7.33333333333333 6
"44" 15 5.33333333333333 7 4.33333333333333 15.3333333333333 6.33333333333333 9 7
"45" 16.3333333333333 6.66666666666667 10 5 17.6666666666667 8.33333333333333 12 7.66666666666667
"46" 17 7.66666666666667 12.6666666666667 6 19 9.66666666666667 14.6666666666667 9
"47" 17.3333333333333 10 14 7.33333333333333 19.3333333333333 12.3333333333333 16.3333333333333 10.3333333333333
"48" 17.6666666666667 12.3333333333333 15.3333333333333 8 19.6666666666667 15 17.6666666666667 11
"49" 18 14.6666666666667 18 8.33333333333333 20.3333333333333 17.3333333333333 21.3333333333333 11.6666666666667
"50" 18.6666666666667 15.6666666666667 18 9.66666666666667 21 19.3333333333333 21.6666666666667 13
"51" 19 17 18.6666666666667 10.3333333333333 22 20.6666666666667 23 14
"52" 19 17 19 11.3333333333333 22 20.6666666666667 23.3333333333333 15.3333333333333
"53" 19 19.3333333333333 19 11.6666666666667 22.6666666666667 23.6666666666667 23.6666666666667 15.6666666666667
"54" 19 19.3333333333333 19 12.6666666666667 23.3333333333333 24 24.6666666666667 17
"55" 19 19.3333333333333 19 13 24 25 26 18.3333333333333
"56" 19 19.3333333333333 19 13.6666666666667 24.3333333333333 25.6666666666667 26 20
"57" 19 19.3333333333333 19 14 24.6666666666667 26.6666666666667 27 21.3333333333333
"58" 19 19.3333333333333 19 14.6666666666667 25.3333333333333 28.3333333333333 29.6666666666667 24
"59" 19 19.3333333333333 19 15 28 30.6666666666667 34.3333333333333 26.3333333333333
"60" 19 19.3333333333333 19 16 29.3333333333333 31.6666666666667 36.6666666666667 29.6666666666667
"61" 19 19.3333333333333 19 16.3333333333333 31.6666666666667 34 40 32.3333333333333
"62" 19 19.3333333333333 19 16.3333333333333 33.3333333333333 37.3333333333333 41.3333333333333 34
"63" 19 19.6666666666667 19 16.3333333333333 37 43.6666666666667 46 38.6666666666667
"64" 19 19.6666666666667 19 16.6666666666667 40.3333333333333 49.3333333333333 52 42.3333333333333
"65" 19 19.6666666666667 19 16.6666666666667 44 59.6666666666667 55.3333333333333 45.6666666666667
"66" 19 19.6666666666667 19 16.6666666666667 48.6666666666667 68.3333333333333 59.3333333333333 52
"67" 19 19.6666666666667 19 16.6666666666667 53.3333333333333 78.6666666666667 64 57
"68" 19 19.6666666666667 19 16.6666666666667 57 86.6666666666667 70.3333333333333 60.6666666666667
"69" 19 19.6666666666667 19 17 60 98.3333333333333 77 67.3333333333333
"70" 19 19.6666666666667 19 17 63.3333333333333 105 84 73
"71" 19 19.6666666666667 18.6666666666667 17.3333333333333 69.6666666666667 119 91.3333333333333 79.3333333333333
"72" 19 19.6666666666667 18.6666666666667 17.3333333333333 77 130.333333333333 99.3333333333333 85
"73" 19 19.6666666666667 18.6666666666667 17.3333333333333 81 138.333333333333 110.333333333333 88.3333333333333
"74" 19 19.6666666666667 18.6666666666667 17.3333333333333 87.3333333333333 150.666666666667 118.333333333333 94.3333333333333
"75" 19 19.6666666666667 18.6666666666667 17.3333333333333 95.6666666666667 162.666666666667 128 98.3333333333333
"76" 19 19.6666666666667 18.6666666666667 17.3333333333333 100 174.666666666667 138.666666666667 102.333333333333
"77" 19 19.6666666666667 18.6666666666667 17.3333333333333 106.666666666667 183 147.333333333333 105.333333333333
"78" 19 19.6666666666667 18.6666666666667 17.3333333333333 113.666666666667 193.333333333333 158.333333333333 110.333333333333
"79" 19 19.6666666666667 18.6666666666667 17.3333333333333 117.333333333333 208 168 118.333333333333
"80" 19 19.6666666666667 18.6666666666667 17.3333333333333 123.333333333333 218.666666666667 178 122
"81" 19 19.6666666666667 18.6666666666667 17.3333333333333 129 231.333333333333 186.333333333333 124.666666666667
"82" 19 19.6666666666667 18.6666666666667 17.3333333333333 135.333333333333 245 197.333333333333 129.666666666667
"83" 19 19.6666666666667 18.6666666666667 17.3333333333333 139.333333333333 259 207.333333333333 134.333333333333
"84" 19 19.6666666666667 18.6666666666667 17.3333333333333 147.333333333333 268 216.333333333333 137.666666666667
"85" 19 19.6666666666667 18.6666666666667 17.3333333333333 151 278 225.333333333333 143
"86" 19 19.6666666666667 18.3333333333333 17.3333333333333 156 287 230.333333333333 146.666666666667
"87" 19 19.6666666666667 18.3333333333333 17.3333333333333 160 295 236.666666666667 149.666666666667
"88" 19 19.6666666666667 18.3333333333333 17.3333333333333 162 301.666666666667 247.333333333333 153
"89" 19 19.6666666666667 18.3333333333333 17.6666666666667 164 308.666666666667 254.666666666667 157
"90" 19 19.6666666666667 18.3333333333333 17.6666666666667 167 315.333333333333 260.333333333333 158.333333333333
"91" 19 19.6666666666667 18.3333333333333 17.3333333333333 168.666666666667 322.666666666667 268.333333333333 160
"92" 19 19.6666666666667 18.3333333333333 17.3333333333333 172.333333333333 330 272 161.666666666667
"93" 19 19.6666666666667 18.3333333333333 17.3333333333333 174.333333333333 335.666666666667 279.333333333333 164.666666666667
"94" 19 19.6666666666667 18.3333333333333 17.3333333333333 176 339.666666666667 282.666666666667 165.333333333333
"95" 19 19.6666666666667 18.3333333333333 17.3333333333333 178 348 287.666666666667 167
"96" 19 19.6666666666667 18.3333333333333 17.3333333333333 179.666666666667 351.666666666667 292 169
"97" 19 19.6666666666667 18.3333333333333 17.3333333333333 181.666666666667 357 295 170.666666666667
"98" 19 19.6666666666667 18.3333333333333 17.3333333333333 181.333333333333 360 300 172
"99" 19 20 18.3333333333333 17.3333333333333 182 362.666666666667 304 172.333333333333
"100" 19 20 18.3333333333333 17.3333333333333 182.333333333333 365 307.333333333333 172.333333333333
