"V1" "V2" "V3" "V4" "V5" "V6" "V7" "V8"
"1" 0 0 0 0 0 0 0 0
"2" 0 0 0 0 0 0 0 0
"3" 0 0 0 0 0 0 0 0
"4" 0 0 0 0 0 0 0 0
"5" 0 0 0 0 0 0 0 0
"6" 0 0 0 0 0 0 0 0
"7" 0 0 0 0 0 0 0 0
"8" 0 0 0 0 0 0 0 0
"9" 0 0 0 0 0 0 0 0
"10" 0 0 0 0 0 0 0 0
"11" 0 0 0 0 0 0 0 0
"12" 0 0 0 0 0 0 0 0
"13" 0 0 0 0 0 0 0 0
"14" 0 0 0 0 0 0 0 0
"15" 0 0 0 0 0 0 0 0
"16" 0 0 0 0 0 0 0 0
"17" 0 0 0 0 0 0 0 0
"18" 0 0 0 0 0 0 0 0
"19" 0 0 0 0 0 0 0 0
"20" 0 0 0 0 0 0 0 0
"21" 0 0 0 0 0 0 0 0
"22" 0 0 0 0 0 0 0 0
"23" 0 0 0 0 0 0 0 0
"24" 0 0 0 0 0 0 0 0
"25" 0 0 0 0 0 0 0 0
"26" 0.333333333333333 0 0 0 0.333333333333333 0 0 0
"27" 1 0 0 0 1 0 0 0
"28" 3.33333333333333 0 0 0 3.33333333333333 0 0 0
"29" 5.66666666666667 0 0 0 6 0 0 0
"30" 11 0 0 0 11.6666666666667 0 0 0
"31" 13.6666666666667 0 0 0 14.3333333333333 0 0 0
"32" 14.6666666666667 0 0 0 15.3333333333333 0 0 0
"33" 15.3333333333333 0 0 0 16.6666666666667 0 0 0
"34" 16 0 0 6 17.3333333333333 0 0 6
"35" 16.3333333333333 0.333333333333333 0.333333333333333 16 19 0.333333333333333 0.333333333333333 16
"36" 16.6666666666667 0.666666666666667 0.666666666666667 22.3333333333333 19.6666666666667 0.666666666666667 0.666666666666667 22.3333333333333
"37" 17 1.66666666666667 1.66666666666667 25 21.6666666666667 1.66666666666667 1.66666666666667 25
"38" 18.3333333333333 2.66666666666667 2.66666666666667 29 24.3333333333333 3 3 29
"39" 18.3333333333333 3 3 30.6666666666667 26.6666666666667 3.66666666666667 3.66666666666667 30.6666666666667
"40" 18.6666666666667 4 4 31.3333333333333 30.6666666666667 5 5 31.6666666666667
"41" 18.6666666666667 5 5 32.6666666666667 36.3333333333333 6.33333333333333 6.33333333333333 33
"42" 18.6666666666667 6 6 35.6666666666667 44.3333333333333 7.66666666666667 7.66666666666667 36
"43" 18.6666666666667 7.33333333333333 7.33333333333333 36.6666666666667 53.3333333333333 9 9 37
"44" 18.6666666666667 7.66666666666667 7.66666666666667 37.3333333333333 65 10 10 38.3333333333333
"45" 18.6666666666667 8.33333333333333 8.33333333333333 37.6666666666667 76.6666666666667 11.6666666666667 11.6666666666667 39.3333333333333
"46" 18.6666666666667 9 9 38.6666666666667 92.3333333333333 13.3333333333333 13.3333333333333 40.3333333333333
"47" 18.6666666666667 9 9 38.6666666666667 111.666666666667 14.3333333333333 14.3333333333333 41
"48" 18.6666666666667 10 10 38.6666666666667 128 15.3333333333333 15.3333333333333 41.3333333333333
"49" 19 11.3333333333333 11.3333333333333 38.6666666666667 149.666666666667 17.3333333333333 17.3333333333333 42.6666666666667
"50" 19 12.3333333333333 12.3333333333333 39 164.333333333333 18.3333333333333 18.3333333333333 44
"51" 19 13.3333333333333 13.3333333333333 39 183 21.6666666666667 21.6666666666667 47
"52" 19 15.3333333333333 15.3333333333333 39 203.666666666667 25 25 50.3333333333333
"53" 19 17 17 39 227 26.6666666666667 26.6666666666667 52
"54" 19 19 19 39 246.666666666667 33 33 58
"55" 19 20.6666666666667 20.6666666666667 39 270.333333333333 40 40 66.3333333333333
"56" 19 23 23 39 291 50 50 73.6666666666667
"57" 19.3333333333333 26 26 39 316.333333333333 62 62 85.6666666666667
"58" 19.6666666666667 27 27 39 336.333333333333 81.6666666666667 81.6666666666667 100.333333333333
"59" 20.3333333333333 29 29 39 360.333333333333 100.666666666667 100.666666666667 116
"60" 21.3333333333333 30 30 39 382 121.666666666667 121.666666666667 131.333333333333
"61" 22.6666666666667 31.3333333333333 31.3333333333333 39 404 146.666666666667 146.666666666667 147.666666666667
"62" 23 32.3333333333333 32.3333333333333 39 433.666666666667 171 171 164.666666666667
"63" 25.3333333333333 33.6666666666667 33.6666666666667 39 457 199.666666666667 199.666666666667 191.333333333333
"64" 26.3333333333333 34.3333333333333 34.3333333333333 39 478.666666666667 233.333333333333 233.333333333333 213
"65" 28 34.3333333333333 34.3333333333333 39 505.666666666667 263.333333333333 263.333333333333 232.666666666667
"66" 29.6666666666667 35 35 39 530.333333333333 295.666666666667 295.666666666667 256.333333333333
"67" 30.3333333333333 35.6666666666667 35.6666666666667 39 554.333333333333 331 331 284.333333333333
"68" 31 36.3333333333333 36.3333333333333 39 575.666666666667 361.666666666667 361.666666666667 307.333333333333
"69" 31.6666666666667 36.6666666666667 36.6666666666667 39 592 394 394 327.333333333333
"70" 32 36.6666666666667 36.6666666666667 39 610.333333333333 422 422 352
"71" 32.6666666666667 36.6666666666667 36.6666666666667 39 630.333333333333 451.666666666667 451.666666666667 373.333333333333
"72" 34.3333333333333 36.6666666666667 36.6666666666667 39 647.333333333333 482 482 396
"73" 35 37.3333333333333 37.3333333333333 39 662 515.666666666667 515.666666666667 417.333333333333
"74" 35.3333333333333 37.6666666666667 37.6666666666667 39 673.333333333333 546 546 437.666666666667
"75" 35.3333333333333 37.6666666666667 37.6666666666667 39 685.333333333333 573.666666666667 573.666666666667 452.333333333333
"76" 35.3333333333333 37.6666666666667 37.6666666666667 39 692.666666666667 600.666666666667 600.666666666667 469
"77" 34.6666666666667 38 38 39 697.666666666667 623.666666666667 623.666666666667 482
"78" 34.6666666666667 37.6666666666667 37.6666666666667 39 704 641 641 494.666666666667
"79" 35 37.6666666666667 37.6666666666667 39 711.333333333333 664 664 509.333333333333
"80" 35 37.3333333333333 37.3333333333333 39 714.666666666667 679 679 518
"81" 35 37.3333333333333 37.3333333333333 39 720.666666666667 701.666666666667 701.666666666667 532
"82" 35 37 37 39 723.666666666667 710 710 537.333333333333
"83" 34.6666666666667 36.6666666666667 36.6666666666667 39 725.333333333333 722.666666666667 722.666666666667 545.666666666667
"84" 34.6666666666667 36.6666666666667 36.6666666666667 39 728.333333333333 735.666666666667 735.666666666667 551
"85" 34.6666666666667 36.6666666666667 36.6666666666667 39 730 748.666666666667 748.666666666667 559.333333333333
"86" 34.3333333333333 36.6666666666667 36.6666666666667 39 732.333333333333 761 761 566.666666666667
"87" 34.3333333333333 36.6666666666667 36.6666666666667 39 733.333333333333 770.333333333333 770.333333333333 570.666666666667
"88" 34.3333333333333 36.6666666666667 36.6666666666667 39 734.666666666667 776.333333333333 776.333333333333 574.666666666667
"89" 34.3333333333333 36.6666666666667 36.6666666666667 39 736.333333333333 782.333333333333 782.333333333333 579.666666666667
"90" 34.3333333333333 36.6666666666667 36.6666666666667 39 737.666666666667 788.666666666667 788.666666666667 584.333333333333
"91" 34.3333333333333 36.6666666666667 36.6666666666667 39 739.666666666667 796 796 587.666666666667
"92" 34.3333333333333 36.6666666666667 36.6666666666667 39 743 805 805 590.333333333333
"93" 34.3333333333333 36.3333333333333 36.3333333333333 39 744 808.666666666667 808.666666666667 593.666666666667
"94" 33.3333333333333 36.3333333333333 36.3333333333333 39 731.666666666667 808 808 594
"95" 33.3333333333333 36.3333333333333 36.3333333333333 39 732 815.666666666667 815.666666666667 596
"96" 33.6666666666667 36.3333333333333 36.3333333333333 39 732.666666666667 821 821 598.333333333333
"97" 33 36 36 39 720.333333333333 819.333333333333 819.333333333333 600.333333333333
"98" 33 36 36 39 719 823.333333333333 823.333333333333 601.333333333333
"99" 33 36 36 39 719 824 824 605.333333333333
"100" 33.3333333333333 36 36 39 720.333333333333 828.666666666667 828.666666666667 607
