"V1" "V2" "V3" "V4" "V5" "V6" "V7" "V8"
"1" 0 0 0 0 0 0 0 0
"2" 0 0 0 0 0 0 0 0
"3" 0 0 0 0 0 0 0 0
"4" 0 0 0 0 0 0 0 0
"5" 0 0 0 0 0 0 0 0
"6" 0 0 0 0 0 0 0 0
"7" 0 0 0 0 0 0 0 0
"8" 0 0 0 0 0 0 0 0
"9" 0 0 0 0 0 0 0 0
"10" 0 0 0 0 0 0 0 0
"11" 0 0 0 0 0 0 0 0
"12" 0 0 0 0 0 0 0 0
"13" 0 0 0 0 0 0 0 0
"14" 0 0 0 0 0 0 0 0
"15" 0 0 0 0 0 0 0 0
"16" 0 0 0 0 0 0 0 0
"17" 0 0 0 0 0 0 0 0
"18" 0 0 0 0 0 0 0 0
"19" 0 0 0 0 0 0 0 0
"20" 0 0 0 0 0 0 0 0
"21" 0 0 0 0 0 0 0 0
"22" 0 0 0 0 0 0 0 0
"23" 0 0 0 0 0 0 0 0
"24" 0 0 0 0 0 0 0 0
"25" 0 0 0 0 0 0 0 0
"26" 0.333333333333333 0 0 0 0.333333333333333 0 0 0
"27" 1.33333333333333 0 0 0 1.33333333333333 0 0 0
"28" 3.33333333333333 0 0 0 3.66666666666667 0 0 0
"29" 6.66666666666667 0 0 0 7 0 0 0
"30" 10.3333333333333 0 0 0 11 0 0 0
"31" 12 0 0 0 12.6666666666667 0 0 0
"32" 13 0 0 0 13.6666666666667 0 0 0
"33" 14.3333333333333 0.333333333333333 0.333333333333333 0.333333333333333 15 0.333333333333333 0.333333333333333 0.333333333333333
"34" 15.3333333333333 0.333333333333333 0.333333333333333 5 16 0.333333333333333 0.333333333333333 5
"35" 15.6666666666667 0.666666666666667 0.666666666666667 15.3333333333333 16.6666666666667 1 1 15.3333333333333
"36" 16.3333333333333 0.666666666666667 0.666666666666667 20 18.3333333333333 1 1 20
"37" 17.3333333333333 1.33333333333333 1.33333333333333 24 21 1.66666666666667 1.66666666666667 24
"38" 17.3333333333333 2 2 26.6666666666667 23.6666666666667 3 3 26.6666666666667
"39" 18.3333333333333 2 2 28 30.6666666666667 3.66666666666667 3.66666666666667 28
"40" 18.6666666666667 3.66666666666667 3.66666666666667 29 36.3333333333333 5.33333333333333 5.33333333333333 29.3333333333333
"41" 19 5.33333333333333 5.33333333333333 31 44 7 7 31.3333333333333
"42" 19 5.66666666666667 5.66666666666667 32.6666666666667 51.3333333333333 8.33333333333333 8.33333333333333 33
"43" 19 6 6 33.3333333333333 60.6666666666667 9 9 33.6666666666667
"44" 19.3333333333333 6.66666666666667 6.66666666666667 34.6666666666667 71 11.3333333333333 11.3333333333333 35.3333333333333
"45" 19.6666666666667 7.66666666666667 7.66666666666667 35.6666666666667 85 13.6666666666667 13.6666666666667 37.3333333333333
"46" 19.6666666666667 8.33333333333333 8.33333333333333 36 95.6666666666667 16.3333333333333 16.3333333333333 38.3333333333333
"47" 19.6666666666667 9.33333333333333 9.33333333333333 37.6666666666667 113.333333333333 18.3333333333333 18.3333333333333 40.6666666666667
"48" 19.6666666666667 10.3333333333333 10.3333333333333 38.3333333333333 127.333333333333 21.3333333333333 21.3333333333333 42.3333333333333
"49" 19.6666666666667 12.6666666666667 12.6666666666667 38.3333333333333 141 24.3333333333333 24.3333333333333 42.6666666666667
"50" 19.6666666666667 13.6666666666667 13.6666666666667 38.3333333333333 160.333333333333 28 28 44.3333333333333
"51" 19.6666666666667 14.6666666666667 14.6666666666667 38.6666666666667 180.666666666667 32 32 46.6666666666667
"52" 20 17.3333333333333 17.3333333333333 38.6666666666667 205 37 37 51.6666666666667
"53" 20 19.6666666666667 19.6666666666667 39 226.666666666667 46.6666666666667 46.6666666666667 57
"54" 20 22.3333333333333 22.3333333333333 39 249 57.3333333333333 57.3333333333333 63.3333333333333
"55" 20 25.3333333333333 25.3333333333333 39 267.666666666667 72.3333333333333 72.3333333333333 71
"56" 20 28 28 39 289.666666666667 85 85 79.3333333333333
"57" 20 28.6666666666667 28.6666666666667 39 310.666666666667 101 101 92
"58" 20 30 30 39 330 125 125 107.333333333333
"59" 20 31 31 39 356.333333333333 152.666666666667 152.666666666667 121.666666666667
"60" 20 32 32 39 378 181.333333333333 181.333333333333 143.333333333333
"61" 20.3333333333333 33.6666666666667 33.6666666666667 39 395 215 215 169
"62" 20.6666666666667 34.6666666666667 34.6666666666667 39 415.333333333333 248 248 186
"63" 21.3333333333333 35.6666666666667 35.6666666666667 39 440.666666666667 287.666666666667 287.666666666667 207.333333333333
"64" 23 36.3333333333333 36.3333333333333 39 466.333333333333 330.666666666667 330.666666666667 231.333333333333
"65" 23.6666666666667 36.3333333333333 36.3333333333333 39 490 374 374 250.666666666667
"66" 23.6666666666667 36 36 39 510.333333333333 406.333333333333 406.333333333333 272.333333333333
"67" 24.6666666666667 36.3333333333333 36.3333333333333 39 534 448.333333333333 448.333333333333 293
"68" 26 36.3333333333333 36.3333333333333 39 557.666666666667 494.666666666667 494.666666666667 318.333333333333
"69" 26.6666666666667 36.6666666666667 36.6666666666667 39 578.333333333333 533.333333333333 533.333333333333 343.666666666667
"70" 28 36.6666666666667 36.6666666666667 39 598.333333333333 571.333333333333 571.333333333333 365.333333333333
"71" 28 36.3333333333333 36.3333333333333 39 615.666666666667 605.666666666667 605.666666666667 379
"72" 28.3333333333333 36.3333333333333 36.3333333333333 39 631.666666666667 636.666666666667 636.666666666667 399
"73" 29.3333333333333 36.3333333333333 36.3333333333333 39 644 667.333333333333 667.333333333333 415.666666666667
"74" 30 36.6666666666667 36.6666666666667 39 654.333333333333 698 698 434
"75" 30 36 36 39 660 717.666666666667 717.666666666667 456.333333333333
"76" 30.3333333333333 36 36 39 672.333333333333 741.666666666667 741.666666666667 469.333333333333
"77" 30.6666666666667 36 36 39 682.333333333333 765.333333333333 765.333333333333 481.333333333333
"78" 31.6666666666667 36 36 39 691 781.666666666667 781.666666666667 496
"79" 31.6666666666667 36 36 39 695.666666666667 796 796 505
"80" 32 36 36 39 701.666666666667 813.333333333333 813.333333333333 514.666666666667
"81" 32 36 36 39 704 825.666666666667 825.666666666667 526.333333333333
"82" 32 35.6666666666667 35.6666666666667 39 708 833.666666666667 833.666666666667 535
"83" 32.3333333333333 36 36 39 712 843.666666666667 843.666666666667 539
"84" 32.6666666666667 36 36 39 716 854.333333333333 854.333333333333 547
"85" 32.6666666666667 36.3333333333333 36.3333333333333 39 719 868.666666666667 868.666666666667 553.333333333333
"86" 32.3333333333333 36 36 39 720 873.666666666667 873.666666666667 557.333333333333
"87" 32.3333333333333 36 36 39 719.333333333333 882.333333333333 882.333333333333 564
"88" 32.6666666666667 36 36 39 720.333333333333 887.333333333333 887.333333333333 567
"89" 33 36 36 39 723 892.333333333333 892.333333333333 569.666666666667
"90" 33 36 36 39 723.666666666667 899.333333333333 899.333333333333 573.666666666667
"91" 33 36 36 39 725.333333333333 904.333333333333 904.333333333333 576.666666666667
"92" 33 36 36 39 726 910.333333333333 910.333333333333 580
"93" 32.6666666666667 36 36 39 726.333333333333 912.333333333333 912.333333333333 581.666666666667
"94" 32.6666666666667 36 36 39 727.666666666667 918.333333333333 918.333333333333 585.666666666667
"95" 32.6666666666667 36 36 39 728.666666666667 921.333333333333 921.333333333333 586.666666666667
"96" 32.6666666666667 36 36 39 729 926 926 588.333333333333
"97" 32.6666666666667 36 36 39 730 930 930 589.666666666667
"98" 32.6666666666667 36 36 39 731 934.333333333333 934.333333333333 593.333333333333
"99" 32.6666666666667 36 36 39 731.666666666667 936.666666666667 936.666666666667 597.666666666667
"100" 32.6666666666667 36 36 39 732.666666666667 941 941 598.666666666667
